Exported Level
9x14x1
vsize=15,sound=ambient/llamas
0|0|0|0|0|0|0|0|0|0|0|0|0|0|0|0|0|0|1|1|1|1|2|1|1|1|1|1|1|1|1|1|1|1|1|1|1|1|1|1|1|1|1|1|1|1|1|1|1|1|1|1|1|1|1|1|1|1|1|1|1|1|1|1|1|1|1|1|1|1|1|1|1|1|1|1|1|1|1|1|1|1|1|1|1|1|1|1|1|1|1|1|1|1|1|1|1|1|1|1|1|1|1|1|1|1|1|1|1|1|1|1|1|1|1|1|1|1|1|1|1|1|1|1|1|1~0|0|0|0|0|0|0|0|0|0|0|0|0|0|0|0|0|0|2|2|2|2|3,level=+1|2|2|2|2|0|0|0|0|0|0|0|0|0|0|0|0|0|0|0|0|0|0|0|0|0|0|0|0|0|0|0|0|0|0|0|0|0|0|0|0|0|0|0|0|0|0|0|0|0|0|0|0|0|0|0|0|0|0|0|0|0|0|0|0|0|0|0|0|0|0|0|0|0|0|0|0|0|0|0|0|0|0|0|0|0|0|4|5|6|0|0|0|0|0|0|0|0|0|0|0|0|0|0
1,texture=wood/#
2,texture=wall/wall
3,texture=misc/door
4,texture=bed/bed_2_0
5,texture=bed/bed_2_1
6,texture=bed/bed_2_2
